t_s,user_id,step,latency_ms,ok,error
0.041034,10000,start,40.161,1,
0.087938,10000,new_chat,46.825,1,
0.088332,10001,start,31.961,1,
0.134953,10001,new_chat,46.585,1,
0.135441,10002,start,32.053,1,
0.181563,10002,new_chat,46.075,1,
0.196785,10003,start,30.802,1,
0.243997,10004,start,31.393,1,
0.244432,10003,new_chat,47.531,1,
0.290787,10004,new_chat,46.712,1,
0.291190,10005,start,31.014,1,
0.336895,10005,new_chat,45.669,1,
0.337252,10006,start,31.257,1,
0.383032,10006,new_chat,45.739,1,
0.383579,10007,start,31.277,1,
0.398941,10000,chat_msg,310.917,1,
0.429892,10007,new_chat,46.264,1,
0.446462,10001,chat_msg,311.431,1,
0.446562,10008,start,32.347,1,
0.477583,10002,chat_msg,295.921,1,
0.493600,10009,start,31.706,1,
0.493966,10008,new_chat,47.323,1,
0.539674,10009,new_chat,45.994,1,
0.540009,10010,start,30.906,1,
0.555808,10003,chat_msg,311.330,1,
0.586971,10010,new_chat,46.926,1,
0.587412,10011,start,31.979,1,
0.603160,10004,chat_msg,312.309,1,
0.633235,10011,new_chat,45.773,1,
0.633688,10012,start,30.786,1,
0.633988,10005,chat_msg,297.022,1,
0.679837,10006,chat_msg,296.723,1,
0.694915,10013,start,30.469,1,
0.695313,10012,new_chat,61.575,1,
0.742981,10007,chat_msg,313.006,1,
0.743080,10013,new_chat,48.098,1,
0.743532,10014,start,32.618,1,
0.789655,10014,new_chat,46.082,1,
0.789975,10015,start,30.968,1,
0.790236,10008,chat_msg,296.231,1,
0.837541,10015,new_chat,47.531,1,
0.837779,10016,start,32.955,1,
0.837996,10009,chat_msg,298.259,1,
0.883339,10016,new_chat,45.530,1,
0.883560,10017,start,31.644,1,
0.898876,10010,chat_msg,311.808,1,
0.914623,10000,chat_msg,312.026,1,
0.930370,10017,new_chat,46.778,1,
0.946258,10018,start,32.078,1,
0.962086,10011,chat_msg,328.770,1,
0.962136,10001,chat_msg,313.182,1,
0.977845,10002,chat_msg,298.288,1,
0.994631,10019,start,32.868,1,
0.994894,10018,new_chat,48.595,1,
0.995111,10012,chat_msg,299.755,1,
1.042384,10019,new_chat,47.712,1,
1.042664,10020,start,32.713,1,
1.042923,10013,chat_msg,299.784,1,
1.057601,10003,chat_msg,298.255,1,
1.088480,10020,new_chat,45.774,1,
1.088814,10021,start,31.584,1,
1.089081,10014,chat_msg,299.369,1,
1.104534,10004,chat_msg,299.357,1,
1.134655,10021,new_chat,45.805,1,
1.135036,10022,start,30.769,1,
1.135285,10005,chat_msg,298.634,1,
1.135326,10015,chat_msg,297.739,1,
1.181468,10022,new_chat,46.381,1,
1.181734,10016,chat_msg,298.352,1,
1.181784,10006,chat_msg,298.757,1,
1.197009,10023,start,31.555,1,
1.227853,10017,chat_msg,297.419,1,
1.243825,10024,start,31.415,1,
1.244226,10023,new_chat,47.162,1,
1.244443,10007,chat_msg,298.489,1,
1.291272,10024,new_chat,47.389,1,
1.291505,10025,start,31.412,1,
1.291744,10008,chat_msg,297.480,1,
1.291788,10018,chat_msg,296.857,1,
1.339236,10025,new_chat,47.670,1,
1.339572,10026,start,32.613,1,
1.339848,10009,chat_msg,297.858,1,
1.339895,10019,chat_msg,297.455,1,
1.385815,10026,new_chat,46.190,1,
1.386108,10027,start,31.523,1,
1.386349,10020,chat_msg,297.814,1,
1.400885,10010,chat_msg,296.914,1,
1.416385,10000,chat_msg,296.982,1,
1.432305,10027,new_chat,46.162,1,
1.432560,10021,chat_msg,297.813,1,
1.447211,10028,start,31.192,1,
1.463140,10011,chat_msg,297.271,1,
1.463191,10001,chat_msg,297.047,1,
1.478230,10022,chat_msg,296.709,1,
1.478303,10002,chat_msg,297.184,1,
1.494368,10029,start,31.584,1,
1.494596,10028,new_chat,47.344,1,
1.494804,10012,chat_msg,298.129,1,
1.540880,10029,new_chat,46.472,1,
1.541907,10030,start,31.982,1,
1.542133,10013,chat_msg,297.650,1,
1.542198,10023,chat_msg,297.933,1,
1.557419,10003,chat_msg,296.990,1,
1.588575,10030,new_chat,46.627,1,
1.588858,10031,start,31.813,1,
1.589123,10024,chat_msg,297.803,1,
1.589170,10014,chat_msg,298.299,1,
1.620219,10004,chat_msg,312.936,1,
1.635722,10031,new_chat,46.827,1,
1.636093,10032,start,32.239,1,
1.636421,10005,chat_msg,298.511,1,
1.636490,10025,chat_msg,297.208,1,
1.636555,10015,chat_msg,298.199,1,
1.679873,10032,new_chat,43.728,1,
1.698105,10016,chat_msg,312.845,1,
1.698211,10006,chat_msg,312.598,1,
1.698288,10026,chat_msg,312.426,1,
1.698385,10033,start,41.668,1,
1.745143,10027,chat_msg,312.792,1,
1.745274,10017,chat_msg,313.395,1,
1.745358,10034,start,42.576,1,
1.746911,10033,new_chat,48.453,1,
1.747267,10007,chat_msg,300.364,1,
1.793145,10035,start,31.918,1,
1.793546,10034,new_chat,48.107,1,
1.793931,10018,chat_msg,299.757,1,
1.793991,10008,chat_msg,300.224,1,
1.794055,10028,chat_msg,299.424,1,
1.839625,10035,new_chat,46.407,1,
1.839860,10036,start,32.224,1,
1.840161,10029,chat_msg,299.190,1,
1.840229,10009,chat_msg,298.804,1,
1.840286,10019,chat_msg,298.600,1,
1.886912,10036,new_chat,47.014,1,
1.887382,10037,start,33.082,1,
1.887615,10030,chat_msg,298.987,1,
1.887663,10020,chat_msg,299.494,1,
1.904004,10010,chat_msg,300.388,1,
1.918449,10000,chat_msg,298.783,1,
1.933878,10037,new_chat,46.459,1,
1.934500,10038,start,30.412,1,
1.950981,10031,chat_msg,315.188,1,
1.951113,10021,chat_msg,315.886,1,
1.980481,10038,new_chat,45.939,1,
1.981024,10001,chat_msg,314.516,1,
1.981142,10022,chat_msg,302.513,1,
1.981274,10011,chat_msg,315.338,1,
1.981319,10002,chat_msg,301.970,1,
1.981449,10032,chat_msg,301.494,1,
1.982006,10039,start,30.389,1,
1.996917,10012,chat_msg,297.706,1,
2.027100,10039,new_chat,45.042,1,
2.043514,10040,start,32.215,1,
2.059612,10013,chat_msg,313.588,1,
2.059699,10033,chat_msg,312.721,1,
2.059780,10023,chat_msg,313.279,1,
2.059851,10003,chat_msg,297.915,1,
2.091867,10040,new_chat,48.316,1,
2.092141,10041,start,33.034,1,
2.092393,10014,chat_msg,299.620,1,
2.092445,10034,chat_msg,298.837,1,
2.092489,10024,chat_msg,300.334,1,
2.121961,10004,chat_msg,298.883,1,
2.136969,10041,new_chat,44.789,1,
2.137487,10042,start,31.024,1,
2.137753,10015,chat_msg,298.353,1,
2.137806,10005,chat_msg,299.205,1,
2.137848,10025,chat_msg,298.753,1,
2.137889,10035,chat_msg,298.216,1,
2.186260,10042,new_chat,48.728,1,
2.186474,10043,start,33.063,1,
2.186669,10036,chat_msg,299.668,1,
2.199956,10006,chat_msg,296.578,1,
2.200018,10026,chat_msg,296.312,1,
2.200108,10016,chat_msg,297.197,1,
2.230878,10043,new_chat,44.372,1,
2.231353,10037,chat_msg,297.400,1,
2.246976,10044,start,31.494,1,
2.247425,10017,chat_msg,296.924,1,
2.247557,10007,chat_msg,296.852,1,
2.247605,10027,chat_msg,297.447,1,
2.278003,10038,chat_msg,297.440,1,
2.308643,10045,start,46.364,1,
2.308912,10044,new_chat,61.861,1,
2.309228,10028,chat_msg,312.616,1,
2.309276,10018,chat_msg,313.238,1,
2.309319,10008,chat_msg,313.029,1,
2.339933,10039,chat_msg,312.756,1,
2.339989,10046,start,30.620,1,
2.340196,10029,chat_msg,297.327,1,
2.340239,10019,chat_msg,296.894,1,
2.340275,10009,chat_msg,297.104,1,
2.355478,10045,new_chat,46.778,1,
2.385838,10046,new_chat,45.817,1,
2.386304,10047,start,31.114,1,
2.386592,10020,chat_msg,295.057,1,
2.386647,10030,chat_msg,295.517,1,
2.386705,10040,chat_msg,294.787,1,
2.416431,10010,chat_msg,309.539,1,
2.432536,10000,chat_msg,311.214,1,
2.432843,10047,new_chat,46.501,1,
2.433482,10048,start,31.685,1,
2.433762,10041,chat_msg,296.696,1,
2.464092,10031,chat_msg,311.161,1,
2.464157,10021,chat_msg,310.952,1,
2.479072,10048,new_chat,45.548,1,
2.479986,10001,chat_msg,296.042,1,
2.480056,10022,chat_msg,295.727,1,
2.480118,10032,chat_msg,294.081,1,
2.480172,10002,chat_msg,295.414,1,
2.480216,10042,chat_msg,293.912,1,
2.480274,10011,chat_msg,295.718,1,
2.494879,10049,start,31.232,1,
2.511236,10012,chat_msg,311.590,1,
2.543242,10043,chat_msg,312.279,1,
2.543297,10049,new_chat,48.376,1,
2.543511,10050,start,32.739,1,
2.573840,10003,chat_msg,310.438,1,
2.573952,10013,chat_msg,311.191,1,
2.574013,10023,chat_msg,310.773,1,
2.574063,10033,chat_msg,311.029,1,
2.590390,10050,new_chat,46.846,1,
2.590609,10051,start,32.530,1,
2.605289,10024,chat_msg,296.869,1,
2.605347,10044,chat_msg,296.399,1,
2.605389,10014,chat_msg,297.578,1,
2.605426,10034,chat_msg,297.237,1,
2.621072,10004,chat_msg,297.291,1,
2.637225,10051,new_chat,46.584,1,
2.637456,10052,start,32.576,1,
2.637671,10035,chat_msg,297.936,1,
2.637714,10005,chat_msg,298.332,1,
2.637752,10015,chat_msg,298.704,1,
2.637787,10025,chat_msg,298.221,1,
2.651762,10045,chat_msg,296.241,1,
2.669550,10000,exit_chat,32.973,1,
2.684611,10052,new_chat,47.120,1,
2.684854,10046,chat_msg,298.908,1,
2.684902,10036,chat_msg,298.126,1,
2.684941,10053,start,33.027,1,
2.699057,10026,chat_msg,297.629,1,
2.699123,10006,chat_msg,297.956,1,
2.699175,10016,chat_msg,297.567,1,
2.729840,10002,exit_chat,45.774,1,
2.729917,10001,exit_chat,46.438,1,
2.729990,10053,new_chat,45.014,1,
2.730292,10047,chat_msg,297.383,1,
2.730336,10037,chat_msg,297.077,1,
2.744915,10054,start,30.517,1,
2.745290,10007,chat_msg,296.820,1,
2.745344,10027,chat_msg,296.661,1,
2.745384,10017,chat_msg,297.257,1,
2.791157,10054,new_chat,46.202,1,
2.791633,10055,start,30.797,1,
2.791973,10048,chat_msg,312.840,1,
2.792034,10038,chat_msg,312.603,1,
2.807282,10008,chat_msg,295.514,1,
2.807328,10018,chat_msg,295.802,1,
2.807364,10028,chat_msg,296.072,1,
2.808786,10003,exit_chat,33.289,1,
2.837919,10055,new_chat,46.220,1,
2.838248,10056,start,31.878,1,
2.839245,10019,chat_msg,296.461,1,
2.839291,10009,chat_msg,296.258,1,
2.839333,10039,chat_msg,297.123,1,
2.839368,10029,chat_msg,296.825,1,
2.839399,10049,chat_msg,296.069,1,
2.853333,10004,exit_chat,31.392,1,
2.884591,10005,exit_chat,45.901,1,
2.884667,10056,new_chat,46.381,1,
2.885043,10057,start,32.201,1,
2.900237,10040,chat_msg,310.035,1,
2.900305,10020,chat_msg,310.596,1,
2.900353,10030,chat_msg,310.338,1,
2.900397,10050,chat_msg,309.966,1,
2.932020,10010,chat_msg,311.326,1,
2.932099,10057,new_chat,47.019,1,
2.932843,10058,start,30.854,1,
2.933056,10041,chat_msg,296.083,1,
2.933099,10051,chat_msg,295.832,1,
2.933752,10006,exit_chat,32.985,1,
2.964419,10021,chat_msg,296.348,1,
2.964472,10031,chat_msg,296.696,1,
2.979350,10058,new_chat,46.472,1,
2.979677,10052,chat_msg,295.021,1,
2.979725,10032,chat_msg,295.828,1,
2.979762,10042,chat_msg,295.538,1,
2.979796,10022,chat_msg,296.077,1,
2.979827,10011,chat_msg,295.419,1,
2.980561,10007,exit_chat,32.269,1,
2.995620,10059,start,31.493,1,
3.011793,10012,chat_msg,297.043,1,
3.026223,10053,chat_msg,296.182,1,
3.042910,10060,start,32.237,1,
3.043241,10059,new_chat,47.580,1,
3.043541,10043,chat_msg,298.916,1,
3.043607,10008,exit_chat,32.478,1,
3.073323,10013,chat_msg,297.521,1,
3.073379,10023,chat_msg,297.340,1,
3.073430,10033,chat_msg,297.198,1,
3.088431,10009,exit_chat,46.301,1,
3.088513,10060,new_chat,45.563,1,
3.088961,10061,start,30.999,1,
3.089266,10054,chat_msg,298.038,1,
3.105163,10014,chat_msg,298.219,1,
3.105213,10034,chat_msg,298.112,1,
3.105253,10024,chat_msg,298.656,1,
3.105288,10044,chat_msg,298.514,1,
3.134698,10061,new_chat,45.684,1,
3.135330,10062,start,30.481,1,
3.135596,10035,chat_msg,297.094,1,
3.135750,10055,chat_msg,297.758,1,
3.135807,10015,chat_msg,296.938,1,
3.135848,10025,chat_msg,296.799,1,
3.149511,10045,chat_msg,296.427,1,
3.180288,10010,exit_chat,46.472,1,
3.180454,10062,new_chat,45.081,1,
3.195695,10036,chat_msg,310.223,1,
3.195772,10056,chat_msg,311.054,1,
3.195829,10046,chat_msg,310.543,1,
3.195880,10063,start,30.945,1,
3.196252,10016,chat_msg,295.238,1,
3.196294,10026,chat_msg,295.846,1,
3.226851,10011,exit_chat,45.285,1,
3.242741,10057,chat_msg,310.593,1,
3.242830,10047,chat_msg,310.379,1,
3.242892,10037,chat_msg,310.256,1,
3.242948,10064,start,31.489,1,
3.243367,10063,new_chat,47.438,1,
3.243638,10012,exit_chat,31.760,1,
3.258382,10027,chat_msg,309.784,1,
3.258430,10017,chat_msg,309.620,1,
3.275275,10058,chat_msg,295.868,1,
3.290181,10064,new_chat,47.180,1,
3.290593,10065,start,32.469,1,
3.306033,10038,chat_msg,310.633,1,
3.306098,10048,chat_msg,311.048,1,
3.306893,10013,exit_chat,32.685,1,
3.306935,10028,chat_msg,295.388,1,
3.306973,10018,chat_msg,295.603,1,
3.336354,10065,new_chat,45.723,1,
3.337820,10066,start,32.150,1,
3.338485,10019,chat_msg,296.689,1,
3.338835,10039,chat_msg,296.496,1,
3.338888,10059,chat_msg,295.609,1,
3.338949,10049,chat_msg,296.233,1,
3.338990,10029,chat_msg,296.471,1,
3.339043,10014,exit_chat,32.890,1,
3.384106,10015,exit_chat,46.641,1,
3.384170,10066,new_chat,46.314,1,
3.384616,10067,start,32.182,1,
3.400022,10060,chat_msg,311.446,1,
3.414187,10030,chat_msg,309.734,1,
3.414272,10040,chat_msg,310.356,1,
3.414334,10050,chat_msg,309.678,1,
3.414387,10020,chat_msg,310.209,1,
3.430078,10067,new_chat,45.421,1,
3.430641,10061,chat_msg,295.886,1,
3.430717,10041,chat_msg,296.512,1,
3.430780,10051,chat_msg,296.337,1,
3.445502,10068,start,43.677,1,
3.445925,10016,exit_chat,46.228,1,
3.461685,10021,chat_msg,296.394,1,
3.461741,10031,chat_msg,296.216,1,
3.477429,10022,chat_msg,296.031,1,
3.477482,10062,chat_msg,296.977,1,
3.477524,10042,chat_msg,296.302,1,
3.477563,10052,chat_msg,296.747,1,
3.477598,10032,chat_msg,296.569,1,
3.492160,10069,start,31.184,1,
3.492545,10068,new_chat,46.976,1,
3.492972,10017,exit_chat,31.481,1,
3.523246,10053,chat_msg,296.182,1,
3.539136,10069,new_chat,46.913,1,
3.539462,10070,start,31.586,1,
3.540201,10063,chat_msg,296.790,1,
3.540244,10043,chat_msg,296.564,1,
3.540711,10018,exit_chat,31.958,1,
3.585743,10023,chat_msg,311.286,1,
3.585840,10033,chat_msg,311.115,1,
3.586056,10019,exit_chat,46.375,1,
3.586119,10070,new_chat,46.621,1,
3.586473,10071,start,31.912,1,
3.601065,10064,chat_msg,310.808,1,
3.601128,10054,chat_msg,310.313,1,
3.617632,10034,chat_msg,311.269,1,
3.617683,10044,chat_msg,310.986,1,
3.617722,10024,chat_msg,311.191,1,
3.632603,10072,start,30.785,1,
3.632822,10025,chat_msg,295.180,1,
3.632866,10065,chat_msg,296.407,1,
3.632903,10055,chat_msg,295.631,1,
3.632937,10035,chat_msg,296.001,1,
3.646901,10071,new_chat,60.386,1,
3.662029,10045,chat_msg,309.885,1,
3.662271,10020,exit_chat,44.817,1,
3.677102,10072,new_chat,44.460,1,
3.692706,10066,chat_msg,308.491,1,
3.692786,10073,start,30.431,1,
3.708218,10021,exit_chat,45.523,1,
3.708711,10056,chat_msg,309.374,1,
3.708763,10036,chat_msg,309.700,1,
3.708805,10026,chat_msg,308.948,1,
3.708843,10046,chat_msg,309.315,1,
3.723611,10022,exit_chat,46.006,1,
3.738894,10067,chat_msg,308.734,1,
3.738958,10073,new_chat,46.125,1,
3.739279,10074,start,30.894,1,
3.754514,10047,chat_msg,308.306,1,
3.754575,10057,chat_msg,308.580,1,
3.754638,10037,chat_msg,308.231,1,
3.769511,10027,chat_msg,308.219,1,
3.784985,10058,chat_msg,307.905,1,
3.785163,10074,new_chat,45.829,1,
3.785570,10075,start,31.333,1,
3.800567,10068,chat_msg,307.966,1,
3.817414,10028,chat_msg,308.822,1,
3.817462,10048,chat_msg,309.041,1,
3.817500,10038,chat_msg,309.269,1,
3.817825,10023,exit_chat,31.986,1,
3.831718,10075,new_chat,46.104,1,
3.863028,10076,start,45.972,1,
3.863427,10039,chat_msg,323.570,1,
3.863477,10059,chat_msg,323.452,1,
3.863517,10049,chat_msg,323.237,1,
3.863556,10029,chat_msg,323.109,1,
3.863593,10069,chat_msg,324.381,1,
3.863633,10024,exit_chat,45.293,1,
3.878860,10025,exit_chat,45.932,1,
3.895305,10077,start,31.622,1,
3.912395,10070,chat_msg,326.218,1,
3.912453,10060,chat_msg,311.274,1,
3.912499,10076,new_chat,49.394,1,
3.926336,10030,chat_msg,309.619,1,
3.926425,10040,chat_msg,309.398,1,
3.926497,10050,chat_msg,309.220,1,
3.942235,10061,chat_msg,310.386,1,
3.942291,10041,chat_msg,310.117,1,
3.942337,10051,chat_msg,309.933,1,
3.942409,10077,new_chat,47.057,1,
3.942659,10078,start,31.601,1,
3.943113,10071,chat_msg,296.156,1,
3.944596,10026,exit_chat,32.603,1,
3.973619,10031,chat_msg,310.714,1,
3.973680,10072,chat_msg,296.505,1,
3.973741,10062,chat_msg,295.909,1,
3.973797,10032,chat_msg,295.221,1,
3.973840,10052,chat_msg,295.491,1,
3.973878,10042,chat_msg,295.770,1,
3.989073,10078,new_chat,46.377,1,
3.989317,10079,start,31.974,1,
4.005457,10027,exit_chat,32.117,1,
4.020848,10053,chat_msg,297.087,1,
4.036072,10079,new_chat,46.718,1,
4.036434,10080,start,31.453,1,
4.036673,10073,chat_msg,297.670,1,
4.036722,10043,chat_msg,296.153,1,
4.036762,10063,chat_msg,296.417,1,
4.052344,10028,exit_chat,32.185,1,
4.084029,10080,new_chat,47.556,1,
4.084401,10074,chat_msg,299.187,1,
4.084460,10033,chat_msg,298.413,1,
4.084510,10081,start,32.463,1,
4.115555,10029,exit_chat,46.831,1,
4.116528,10064,chat_msg,300.112,1,
4.116576,10054,chat_msg,299.828,1,
4.116628,10034,chat_msg,298.663,1,
4.116665,10044,chat_msg,298.507,1,
4.131516,10081,new_chat,46.964,1,
4.131737,10075,chat_msg,299.943,1,
4.131782,10065,chat_msg,298.603,1,
4.131825,10055,chat_msg,298.432,1,
4.131861,10035,chat_msg,298.265,1,
4.147406,10082,start,31.754,1,
4.162333,10045,chat_msg,298.417,1,
4.178113,10030,exit_chat,47.320,1,
4.194187,10083,start,32.374,1,
4.194497,10082,new_chat,47.052,1,
4.194726,10066,chat_msg,300.002,1,
4.209962,10046,chat_msg,297.774,1,
4.210019,10076,chat_msg,297.487,1,
4.210062,10056,chat_msg,298.556,1,
4.210098,10036,chat_msg,298.321,1,
4.225370,10031,exit_chat,47.161,1,
4.225444,10032,exit_chat,46.549,1,
4.241647,10083,new_chat,47.392,1,
4.241888,10084,start,32.268,1,
4.242110,10067,chat_msg,300.210,1,
4.242157,10077,chat_msg,299.705,1,
4.256598,10047,chat_msg,298.932,1,
4.256645,10057,chat_msg,298.768,1,
4.256684,10037,chat_msg,298.619,1,
4.289068,10084,new_chat,47.141,1,
4.289305,10085,start,33.030,1,
4.289527,10058,chat_msg,300.781,1,
4.289571,10078,chat_msg,300.453,1,
4.305023,10068,chat_msg,300.544,1,
4.320970,10038,chat_msg,300.316,1,
4.321030,10048,chat_msg,300.572,1,
4.321105,10033,exit_chat,32.351,1,
4.336355,10085,new_chat,47.014,1,
4.336590,10086,start,32.005,1,
4.336809,10079,chat_msg,300.672,1,
4.366498,10034,exit_chat,45.914,1,
4.366797,10059,chat_msg,298.454,1,
4.366848,10069,chat_msg,297.949,1,
4.366889,10049,chat_msg,298.351,1,
4.366927,10039,chat_msg,298.892,1,
4.381833,10035,exit_chat,45.801,1,
4.382002,10086,new_chat,45.376,1,
4.382272,10080,chat_msg,298.178,1,
4.397475,10087,start,31.363,1,
4.414227,10070,chat_msg,298.149,1,
4.414278,10060,chat_msg,297.937,1,
4.429290,10081,chat_msg,297.731,1,
4.429373,10040,chat_msg,298.285,1,
4.429433,10050,chat_msg,298.161,1,
4.445414,10088,start,32.243,1,
4.445655,10087,new_chat,48.111,1,
4.446057,10041,chat_msg,299.173,1,
4.446105,10071,chat_msg,298.875,1,
4.446146,10051,chat_msg,299.085,1,
4.446182,10061,chat_msg,299.564,1,
4.446246,10036,exit_chat,32.191,1,
4.491092,10052,chat_msg,312.019,1,
4.491160,10062,chat_msg,312.453,1,
4.491205,10072,chat_msg,312.692,1,
4.491242,10042,chat_msg,312.000,1,
4.491706,10089,start,31.664,1,
4.491937,10088,new_chat,46.483,1,
4.492213,10082,chat_msg,297.678,1,
4.492738,10037,exit_chat,31.910,1,
4.522282,10053,chat_msg,296.771,1,
4.538013,10089,new_chat,46.270,1,
4.538326,10090,start,31.949,1,
4.538738,10073,chat_msg,297.903,1,
4.538784,10043,chat_msg,297.587,1,
4.538824,10083,chat_msg,297.131,1,
4.538859,10063,chat_msg,297.428,1,
4.554163,10038,exit_chat,32.672,1,
4.585277,10090,new_chat,46.913,1,
4.585523,10091,start,31.794,1,
4.601245,10084,chat_msg,312.134,1,
4.601312,10074,chat_msg,312.866,1,
4.601464,10039,exit_chat,31.891,1,
4.617252,10064,chat_msg,297.388,1,
4.617302,10054,chat_msg,296.934,1,
4.617342,10044,chat_msg,296.569,1,
4.632581,10091,new_chat,47.023,1,
4.632814,10075,chat_msg,297.423,1,
4.632858,10055,chat_msg,297.006,1,
4.632896,10065,chat_msg,297.237,1,
4.632931,10085,chat_msg,296.532,1,
4.648847,10092,start,32.334,1,
4.664053,10045,chat_msg,297.503,1,
4.679260,10040,exit_chat,47.108,1,
4.679348,10086,chat_msg,297.303,1,
4.694946,10041,exit_chat,46.887,1,
4.696139,10093,start,32.545,1,
4.696357,10092,new_chat,47.471,1,
4.696630,10066,chat_msg,299.533,1,
4.710588,10046,chat_msg,297.071,1,
4.710637,10076,chat_msg,296.924,1,
4.710678,10056,chat_msg,296.792,1,
4.741072,10094,start,30.779,1,
4.741761,10067,chat_msg,296.949,1,
4.741821,10077,chat_msg,296.619,1,
4.741968,10087,chat_msg,296.264,1,
4.742853,10042,exit_chat,47.070,1,
4.755683,10093,new_chat,59.507,1,
4.770792,10057,chat_msg,310.157,1,
4.770854,10047,chat_msg,310.425,1,
4.787102,10043,exit_chat,46.657,1,
4.787180,10094,new_chat,46.055,1,
4.787593,10095,start,32.215,1,
4.787872,10088,chat_msg,295.900,1,
4.787923,10078,chat_msg,296.409,1,
4.787965,10058,chat_msg,296.684,1,
4.818021,10068,chat_msg,311.198,1,
4.818941,10048,chat_msg,297.152,1,
4.833529,10095,new_chat,45.894,1,
4.834398,10096,start,31.678,1,
4.834939,10089,chat_msg,296.861,1,
4.834983,10079,chat_msg,296.430,1,
4.864868,10044,exit_chat,46.177,1,
4.865669,10069,chat_msg,296.466,1,
4.865720,10049,chat_msg,296.328,1,
4.865761,10059,chat_msg,296.807,1,
4.880875,10096,new_chat,46.444,1,
4.896772,10080,chat_msg,311.755,1,
4.896868,10090,chat_msg,311.546,1,
4.896939,10097,start,31.901,1,
4.897412,10045,exit_chat,32.002,1,
4.912904,10060,chat_msg,295.852,1,
4.912962,10070,chat_msg,296.141,1,
4.942461,10050,chat_msg,310.069,1,
4.942549,10081,chat_msg,310.741,1,
4.942606,10091,chat_msg,309.978,1,
4.943409,10098,start,31.614,1,
4.943695,10097,new_chat,46.657,1,
4.944445,10051,chat_msg,295.951,1,
4.944741,10061,chat_msg,296.074,1,
4.944809,10071,chat_msg,296.506,1,
4.944945,10046,exit_chat,32.722,1,
4.990475,10098,new_chat,47.030,1,
4.990707,10099,start,32.389,1,
5.006151,10072,chat_msg,310.548,1,
5.006216,10092,chat_msg,309.826,1,
5.006262,10082,chat_msg,310.303,1,
5.006365,10052,chat_msg,311.331,1,
5.006532,10062,chat_msg,311.122,1,
5.006600,10047,exit_chat,31.657,1,
5.022212,10053,chat_msg,297.369,1,
5.037722,10099,new_chat,46.979,1,
5.037957,10100,start,32.221,1,
5.038177,10073,chat_msg,298.023,1,
5.038226,10063,chat_msg,297.376,1,
5.038268,10083,chat_msg,297.606,1,
5.053087,10093,chat_msg,297.361,1,
5.068337,10048,exit_chat,46.584,1,
5.084349,10100,new_chat,46.355,1,
5.084778,10101,start,32.056,1,
5.085016,10094,chat_msg,297.784,1,
5.100655,10074,chat_msg,298.125,1,
5.100715,10084,chat_msg,298.412,1,
5.101187,10049,exit_chat,32.405,1,
5.116336,10054,chat_msg,297.877,1,
5.116396,10064,chat_msg,298.295,1,
5.131061,10101,new_chat,46.244,1,
5.131397,10095,chat_msg,297.799,1,
5.131449,10075,chat_msg,297.527,1,
5.131491,10085,chat_msg,296.733,1,
5.131530,10065,chat_msg,296.937,1,
5.131566,10055,chat_msg,297.388,1,
5.132311,10102,start,30.379,1,
5.178405,10102,new_chat,46.047,1,
5.179522,10086,chat_msg,298.177,1,
5.179610,10096,chat_msg,298.659,1,
5.193343,10050,exit_chat,46.201,1,
5.193457,10051,exit_chat,45.086,1,
5.193518,10103,start,41.398,1,
5.193990,10066,chat_msg,296.500,1,
5.211031,10076,chat_msg,298.563,1,
5.211120,10056,chat_msg,298.447,1,
5.241986,10103,new_chat,48.408,1,
5.242286,10104,start,32.749,1,
5.242515,10097,chat_msg,298.782,1,
5.242561,10067,chat_msg,299.900,1,
5.242602,10087,chat_msg,299.378,1,
5.242640,10077,chat_msg,299.628,1,
5.244075,10052,exit_chat,33.542,1,
5.257717,10053,exit_chat,32.082,1,
5.272433,10057,chat_msg,297.832,1,
5.288472,10104,new_chat,46.148,1,
5.288946,10105,start,32.011,1,
5.289303,10058,chat_msg,299.044,1,
5.289376,10088,chat_msg,299.651,1,
5.289444,10078,chat_msg,299.381,1,
5.289507,10098,chat_msg,298.985,1,
5.319775,10068,chat_msg,298.557,1,
5.336440,10105,new_chat,47.436,1,
5.336963,10106,start,32.555,1,
5.337318,10089,chat_msg,300.201,1,
5.337405,10079,chat_msg,299.902,1,
5.337470,10099,chat_msg,299.701,1,
5.365353,10054,exit_chat,46.136,1,
5.380907,10069,chat_msg,312.486,1,
5.380993,10059,chat_msg,312.014,1,
5.381060,10055,exit_chat,44.902,1,
5.381788,10106,new_chat,44.768,1,
5.382044,10100,chat_msg,297.624,1,
5.397500,10107,start,32.042,1,
5.397889,10080,chat_msg,298.069,1,
5.397950,10090,chat_msg,297.755,1,
5.413671,10060,chat_msg,298.085,1,
5.413734,10070,chat_msg,297.686,1,
5.443859,10101,chat_msg,312.733,1,
5.445028,10108,start,32.430,1,
5.445274,10107,new_chat,47.693,1,
5.445674,10071,chat_msg,296.693,1,
5.445751,10061,chat_msg,297.073,1,
5.445823,10081,chat_msg,298.166,1,
5.445883,10091,chat_msg,297.852,1,
5.446036,10056,exit_chat,32.579,1,
5.476031,10102,chat_msg,297.558,1,
5.492008,10109,start,32.754,1,
5.492236,10108,new_chat,47.167,1,
5.506393,10072,chat_msg,296.486,1,
5.506448,10092,chat_msg,296.295,1,
5.506487,10082,chat_msg,296.137,1,
5.506527,10062,chat_msg,295.816,1,
5.506579,10057,exit_chat,31.694,1,
5.537765,10058,exit_chat,46.800,1,
5.537839,10109,new_chat,45.789,1,
5.538134,10110,start,32.113,1,
5.553527,10063,chat_msg,311.943,1,
5.553577,10073,chat_msg,312.351,1,
5.553618,10083,chat_msg,311.838,1,
5.553673,10103,chat_msg,311.639,1,
5.553706,10093,chat_msg,296.410,1,
5.585149,10110,new_chat,46.922,1,
5.585378,10111,start,32.112,1,
5.585588,10104,chat_msg,297.050,1,
5.585632,10094,chat_msg,297.659,1,
5.616192,10074,chat_msg,312.408,1,
5.616247,10084,chat_msg,312.081,1,
5.616308,10064,chat_msg,296.761,1,
5.631095,10059,exit_chat,46.352,1,
5.631174,10111,new_chat,45.762,1,
5.631493,10085,chat_msg,295.802,1,
5.631539,10105,chat_msg,295.028,1,
5.631578,10075,chat_msg,296.136,1,
5.631612,10065,chat_msg,295.660,1,
5.631644,10095,chat_msg,296.675,1,
5.646934,10112,start,31.441,1,
5.647798,10060,exit_chat,31.997,1,
5.677821,10086,chat_msg,296.684,1,
5.677892,10096,chat_msg,296.377,1,
5.677937,10106,chat_msg,296.105,1,
5.692126,10061,exit_chat,44.978,1,
5.708102,10113,start,46.037,1,
5.708493,10112,new_chat,61.521,1,
5.709747,10066,chat_msg,312.703,1,
5.709828,10076,chat_msg,296.656,1,
5.755022,10114,start,46.298,1,
5.755387,10077,chat_msg,310.568,1,
5.755436,10097,chat_msg,311.464,1,
5.755476,10107,chat_msg,310.164,1,
5.755512,10087,chat_msg,310.903,1,
5.755547,10067,chat_msg,311.146,1,
5.755586,10062,exit_chat,46.016,1,
5.756850,10113,new_chat,48.689,1,
5.786642,10115,start,31.013,1,
5.787302,10098,chat_msg,295.513,1,
5.787367,10088,chat_msg,295.996,1,
5.787412,10108,chat_msg,295.142,1,
5.787447,10078,chat_msg,295.847,1,
5.801671,10063,exit_chat,45.774,1,
5.801821,10114,new_chat,46.740,1,
5.818249,10068,chat_msg,295.937,1,
5.834110,10115,new_chat,47.425,1,
5.834311,10116,start,32.188,1,
5.848806,10089,chat_msg,310.361,1,
5.848865,10079,chat_msg,310.232,1,
5.848906,10099,chat_msg,310.098,1,
5.848946,10109,chat_msg,311.064,1,
5.863985,10064,exit_chat,46.373,1,
5.879537,10065,exit_chat,45.760,1,
5.880521,10116,new_chat,46.180,1,
5.894917,10110,chat_msg,309.723,1,
5.895004,10069,chat_msg,310.674,1,
5.895068,10100,chat_msg,310.123,1,
5.895125,10117,start,30.925,1,
5.910408,10090,chat_msg,310.311,1,
5.910467,10080,chat_msg,310.716,1,
5.911742,10070,chat_msg,295.744,1,
5.940994,10111,chat_msg,309.777,1,
5.941114,10117,new_chat,45.930,1,
5.941496,10118,start,31.469,1,
5.942184,10066,exit_chat,31.669,1,
5.958346,10081,chat_msg,311.027,1,
5.958408,10101,chat_msg,311.950,1,
5.958450,10091,chat_msg,310.963,1,
5.958487,10071,chat_msg,311.752,1,
5.988186,10102,chat_msg,311.366,1,
5.988414,10118,new_chat,46.883,1,
5.988755,10119,start,31.935,1,
5.990725,10067,exit_chat,32.614,1,
6.019491,10092,chat_msg,310.288,1,
6.019616,10082,chat_msg,310.224,1,
6.019673,10112,chat_msg,311.141,1,
6.019723,10072,chat_msg,310.748,1,
6.034233,10119,new_chat,45.439,1,
6.034573,10120,start,30.978,1,
6.050898,10093,chat_msg,294.246,1,
6.050948,10113,chat_msg,294.056,1,
6.050986,10073,chat_msg,294.880,1,
6.051020,10103,chat_msg,294.554,1,
6.051052,10083,chat_msg,294.767,1,
6.051089,10068,exit_chat,31.992,1,
6.080884,10120,new_chat,46.266,1,
6.095983,10121,start,43.971,1,
6.096295,10094,chat_msg,309.851,1,
6.096344,10104,chat_msg,310.212,1,
6.112077,10114,chat_msg,310.203,1,
6.142071,10084,chat_msg,324.657,1,
6.142146,10074,chat_msg,325.028,1,
6.142201,10069,exit_chat,45.411,1,
6.142244,10085,chat_msg,309.135,1,
6.142282,10105,chat_msg,308.842,1,
6.142317,10095,chat_msg,308.381,1,
6.142354,10115,chat_msg,308.204,1,
6.142388,10075,chat_msg,308.770,1,
6.142749,10122,start,31.552,1,
6.142992,10121,new_chat,46.954,1,
6.143987,10070,exit_chat,31.841,1,
6.175128,10096,chat_msg,295.078,1,
6.175186,10106,chat_msg,294.872,1,
6.175237,10116,chat_msg,294.680,1,
6.175276,10086,chat_msg,295.627,1,
6.188726,10122,new_chat,45.941,1,
6.189208,10123,start,31.962,1,
6.219853,10071,exit_chat,46.216,1,
6.219936,10076,chat_msg,309.231,1,
6.235991,10123,new_chat,46.742,1,
6.236393,10124,start,32.065,1,
6.252126,10117,chat_msg,310.952,1,
6.253391,10077,chat_msg,296.213,1,
6.253434,10097,chat_msg,295.864,1,
6.253470,10087,chat_msg,295.525,1,
6.253503,10107,chat_msg,295.731,1,
6.253539,10072,exit_chat,32.881,1,
6.283896,10124,new_chat,47.467,1,
6.284264,10125,start,31.101,1,
6.284498,10118,chat_msg,296.037,1,
6.284545,10098,chat_msg,295.554,1,
6.284584,10078,chat_msg,295.053,1,
6.284640,10108,chat_msg,295.272,1,
6.284690,10088,chat_msg,295.493,1,
6.285678,10073,exit_chat,33.012,1,
6.330893,10125,new_chat,46.592,1,
6.331181,10119,chat_msg,296.893,1,
6.348199,10126,start,33.037,1,
6.348423,10089,chat_msg,298.463,1,
6.348469,10079,chat_msg,298.170,1,
6.348508,10109,chat_msg,297.812,1,
6.348544,10099,chat_msg,298.031,1,
6.379443,10120,chat_msg,298.507,1,
6.381335,10074,exit_chat,34.327,1,
6.381487,10075,exit_chat,33.470,1,
6.393365,10127,start,31.099,1,
6.393785,10126,new_chat,45.544,1,
6.394114,10110,chat_msg,297.559,1,
6.394175,10100,chat_msg,297.120,1,
6.409550,10090,chat_msg,297.878,1,
6.409605,10080,chat_msg,297.723,1,
6.440434,10127,new_chat,46.994,1,
6.440784,10128,start,31.660,1,
6.441020,10111,chat_msg,298.582,1,
6.441067,10121,chat_msg,298.033,1,
6.456644,10076,exit_chat,31.992,1,
6.470978,10091,chat_msg,297.533,1,
6.471056,10081,chat_msg,298.207,1,
6.471111,10101,chat_msg,297.957,1,
6.487706,10128,new_chat,46.884,1,
6.487929,10129,start,32.474,1,
6.488360,10102,chat_msg,298.909,1,
6.488418,10122,chat_msg,299.616,1,
6.488998,10077,exit_chat,33.093,1,
6.533942,10112,chat_msg,313.461,1,
6.534065,10092,chat_msg,314.002,1,
6.534133,10082,chat_msg,313.833,1,
6.534195,10078,exit_chat,47.053,1,
6.534653,10129,new_chat,46.689,1,
6.534900,10130,start,32.242,1,
6.535147,10123,chat_msg,299.084,1,
6.549856,10103,chat_msg,297.023,1,
6.549931,10093,chat_msg,297.731,1,
6.549988,10083,chat_msg,296.995,1,
6.550039,10113,chat_msg,297.549,1,
6.581733,10130,new_chat,46.793,1,
6.582100,10124,chat_msg,298.140,1,
6.582177,10131,start,30.404,1,
6.583026,10079,exit_chat,32.611,1,
6.612919,10104,chat_msg,313.537,1,
6.612970,10094,chat_msg,313.833,1,
6.613031,10114,chat_msg,297.541,1,
6.627655,10131,new_chat,45.441,1,
6.627967,10125,chat_msg,297.008,1,
6.644432,10132,start,32.245,1,
6.644667,10085,chat_msg,297.405,1,
6.644730,10084,chat_msg,298.121,1,
6.644784,10095,chat_msg,297.117,1,
6.644835,10115,chat_msg,296.991,1,
6.644885,10105,chat_msg,297.408,1,
6.645081,10080,exit_chat,32.352,1,
6.675587,10116,chat_msg,296.695,1,
6.675648,10086,chat_msg,296.553,1,
6.675692,10096,chat_msg,297.435,1,
6.675730,10106,chat_msg,297.048,1,
6.691483,10132,new_chat,47.010,1,
6.691784,10133,start,32.206,1,
6.692015,10126,chat_msg,298.176,1,
6.707436,10081,exit_chat,32.266,1,
6.738948,10133,new_chat,47.126,1,
6.739223,10134,start,32.337,1,
6.739522,10127,chat_msg,299.024,1,
6.754162,10087,chat_msg,297.921,1,
6.754209,10117,chat_msg,298.492,1,
6.754248,10107,chat_msg,297.850,1,
6.754281,10097,chat_msg,298.202,1,
6.784263,10082,exit_chat,45.766,1,
6.784646,10134,new_chat,45.379,1,
6.784872,10135,start,31.043,1,
6.785081,10128,chat_msg,297.332,1,
6.785124,10118,chat_msg,298.538,1,
6.785163,10108,chat_msg,297.836,1,
6.785211,10088,chat_msg,297.703,1,
6.785246,10098,chat_msg,298.302,1,
6.786249,10083,exit_chat,32.777,1,
6.831671,10135,new_chat,46.765,1,
6.831965,10119,chat_msg,297.702,1,
6.832015,10129,chat_msg,297.325,1,
6.847852,10136,start,32.229,1,
6.848100,10109,chat_msg,297.509,1,
6.848147,10089,chat_msg,298.051,1,
6.848185,10099,chat_msg,297.432,1,
6.878887,10130,chat_msg,297.091,1,
6.878939,10120,chat_msg,297.615,1,
6.880205,10084,exit_chat,33.246,1,
6.880784,10085,exit_chat,34.108,1,
6.893236,10137,start,31.064,1,
6.893527,10136,new_chat,45.637,1,
6.893738,10110,chat_msg,296.769,1,
6.893780,10100,chat_msg,296.491,1,
6.909407,10090,chat_msg,296.882,1,
6.924863,10086,exit_chat,46.767,1,
6.924982,10131,chat_msg,297.273,1,
6.940128,10137,new_chat,46.837,1,
6.940592,10138,start,31.508,1,
6.940820,10121,chat_msg,296.667,1,
6.940867,10111,chat_msg,297.074,1,
6.971943,10091,chat_msg,297.154,1,
6.972030,10101,chat_msg,296.668,1,
6.988949,10138,new_chat,48.321,1,
6.989166,10139,start,33.091,1,
6.989372,10102,chat_msg,298.605,1,
6.989415,10122,chat_msg,298.328,1,
6.989453,10132,chat_msg,297.897,1,
6.989515,10087,exit_chat,33.072,1,
7.034343,10088,exit_chat,45.750,1,
7.034898,10139,new_chat,45.700,1,
7.035199,10140,start,31.650,1,
7.035449,10112,chat_msg,297.586,1,
7.035496,10123,chat_msg,296.777,1,
7.035535,10092,chat_msg,297.294,1,
7.035568,10133,chat_msg,296.569,1,
7.066266,10103,chat_msg,313.271,1,
7.066346,10093,chat_msg,313.075,1,
7.066399,10113,chat_msg,312.749,1,
7.082750,10140,new_chat,47.510,1,
7.083092,10124,chat_msg,298.741,1,
7.083139,10134,chat_msg,298.456,1,
7.083178,10141,start,31.396,1,
7.083704,10089,exit_chat,32.460,1,
7.114473,10094,chat_msg,298.136,1,
7.114524,10114,chat_msg,297.990,1,
7.114563,10104,chat_msg,298.465,1,
7.129555,10141,new_chat,46.345,1,
7.129791,10135,chat_msg,298.062,1,
7.129839,10125,chat_msg,298.539,1,
7.145132,10142,start,31.480,1,
7.145460,10105,chat_msg,297.790,1,
7.145538,10095,chat_msg,298.253,1,
7.145597,10115,chat_msg,298.115,1,
7.145640,10090,exit_chat,31.574,1,
7.176908,10096,chat_msg,298.470,1,
7.176977,10116,chat_msg,299.228,1,
7.177030,10106,chat_msg,298.398,1,
7.192816,10143,start,32.618,1,
7.193095,10142,new_chat,47.924,1,
7.193358,10126,chat_msg,300.448,1,
7.193410,10136,chat_msg,299.848,1,
7.208916,10091,exit_chat,32.611,1,
7.240293,10143,new_chat,47.427,1,
7.240522,10144,start,32.097,1,
7.240733,10127,chat_msg,299.829,1,
7.240778,10137,chat_msg,300.572,1,
7.255234,10117,chat_msg,298.593,1,
7.255307,10107,chat_msg,298.483,1,
7.255372,10097,chat_msg,298.373,1,
7.285681,10092,exit_chat,45.798,1,
7.286502,10144,new_chat,45.946,1,
7.286736,10145,start,32.145,1,
7.286952,10138,chat_msg,297.961,1,
7.286997,10128,chat_msg,299.064,1,
7.287036,10118,chat_msg,298.809,1,
7.287074,10108,chat_msg,298.657,1,
7.287109,10098,chat_msg,298.343,1,
7.317023,10093,exit_chat,46.640,1,
7.332125,10145,new_chat,45.355,1,
7.332368,10129,chat_msg,297.686,1,
7.332415,10139,chat_msg,297.478,1,
7.332454,10119,chat_msg,298.051,1,
7.348087,10146,start,31.514,1,
7.348345,10099,chat_msg,296.836,1,
7.348392,10109,chat_msg,297.487,1,
7.349411,10094,exit_chat,32.321,1,
7.379926,10140,chat_msg,297.135,1,
7.379988,10130,chat_msg,297.767,1,
7.380034,10120,chat_msg,297.494,1,
7.380421,10095,exit_chat,32.753,1,
7.394315,10147,start,31.386,1,
7.394738,10146,new_chat,46.611,1,
7.410051,10100,chat_msg,311.799,1,
7.410107,10110,chat_msg,312.111,1,
7.424708,10096,exit_chat,45.688,1,
7.439888,10131,chat_msg,310.630,1,
7.439974,10141,chat_msg,310.378,1,
7.440049,10148,start,30.395,1,
7.440502,10147,new_chat,46.120,1,
7.455688,10121,chat_msg,311.178,1,
7.455738,10111,chat_msg,310.960,1,
7.486187,10101,chat_msg,309.533,1,
7.486293,10148,new_chat,46.188,1,
7.486777,10149,start,31.358,1,
7.488187,10097,exit_chat,32.022,1,
7.501951,10102,chat_msg,309.925,1,
7.502027,10142,chat_msg,308.888,1,
7.502082,10122,chat_msg,309.749,1,
7.502133,10132,chat_msg,309.561,1,
7.531946,10098,exit_chat,44.069,1,
7.532017,10149,new_chat,45.199,1,
7.533105,10150,start,30.909,1,
7.548303,10123,chat_msg,308.709,1,
7.548358,10133,chat_msg,308.269,1,
7.548399,10143,chat_msg,308.061,1,
7.548435,10112,chat_msg,309.195,1,
7.579896,10103,chat_msg,309.792,1,
7.579998,10113,chat_msg,309.389,1,
7.580068,10150,new_chat,46.927,1,
7.595881,10099,exit_chat,47.387,1,
7.595967,10144,chat_msg,309.423,1,
7.596030,10134,chat_msg,309.859,1,
7.596081,10124,chat_msg,310.302,1,
7.596128,10151,start,31.692,1,
7.612446,10114,chat_msg,295.052,1,
7.612500,10104,chat_msg,294.898,1,
7.642761,10135,chat_msg,311.114,1,
7.642819,10125,chat_msg,310.901,1,
7.642862,10145,chat_msg,310.686,1,
7.642901,10152,start,31.404,1,
7.643136,10151,new_chat,46.961,1,
7.643376,10100,exit_chat,31.516,1,
7.643440,10115,chat_msg,295.566,1,
7.643496,10105,chat_msg,296.218,1,
7.690113,10116,chat_msg,310.655,1,
7.690207,10106,chat_msg,310.548,1,
7.690662,10152,new_chat,47.729,1,
7.690926,10153,start,32.615,1,
7.691220,10126,chat_msg,296.242,1,
7.691269,10136,chat_msg,296.101,1,
7.691308,10146,chat_msg,296.528,1,
7.736761,10101,exit_chat,46.486,1,
7.736847,10153,new_chat,45.869,1,
7.737256,10154,start,32.241,1,
7.737575,10147,chat_msg,297.036,1,
7.737621,10137,chat_msg,296.391,1,
7.737660,10127,chat_msg,296.659,1,
7.737943,10102,exit_chat,32.627,1,
7.768214,10117,chat_msg,312.428,1,
7.768277,10107,chat_msg,312.288,1,
7.784643,10154,new_chat,47.330,1,
7.784882,10155,start,31.744,1,
7.785096,10138,chat_msg,298.054,1,
7.785139,10128,chat_msg,297.886,1,
7.785176,10108,chat_msg,297.561,1,
7.785213,10118,chat_msg,297.777,1,
7.785248,10148,chat_msg,298.867,1,
7.830135,10103,exit_chat,46.009,1,
7.830213,10155,new_chat,45.297,1,
7.830548,10149,chat_msg,298.487,1,
7.830609,10139,chat_msg,297.885,1,
7.830651,10119,chat_msg,297.730,1,
7.830688,10129,chat_msg,298.184,1,
7.846720,10156,start,32.321,1,
7.847098,10104,exit_chat,32.157,1,
7.861403,10109,chat_msg,312.657,1,
7.892057,10150,chat_msg,311.934,1,
7.892147,10140,chat_msg,311.688,1,
7.892343,10120,chat_msg,311.546,1,
7.892405,10130,chat_msg,311.767,1,
7.892471,10105,exit_chat,45.931,1,
7.893518,10157,start,32.446,1,
7.893985,10156,new_chat,47.226,1,
7.923278,10110,chat_msg,311.200,1,
7.939242,10106,exit_chat,46.372,1,
7.939298,10157,new_chat,45.735,1,
7.940269,10158,start,32.796,1,
7.955080,10151,chat_msg,311.909,1,
7.955129,10141,chat_msg,312.592,1,
7.955168,10131,chat_msg,312.954,1,
7.971232,10121,chat_msg,312.634,1,
7.971283,10111,chat_msg,312.502,1,
7.986080,10158,new_chat,45.772,1,
7.986373,10159,start,31.568,1,
7.987369,10152,chat_msg,296.663,1,
8.001966,10132,chat_msg,296.112,1,
8.002018,10142,chat_msg,296.503,1,
8.002059,10122,chat_msg,296.367,1,
8.002438,10107,exit_chat,31.413,1,
8.033544,10108,exit_chat,46.425,1,
8.034474,10159,new_chat,48.064,1,
8.034688,10160,start,32.582,1,
8.034912,10153,chat_msg,298.001,1,
8.065650,10133,chat_msg,313.032,1,
8.065706,10123,chat_msg,313.446,1,
8.065747,10112,chat_msg,312.782,1,
8.065784,10143,chat_msg,312.984,1,
8.080921,10160,new_chat,46.201,1,
8.081321,10113,chat_msg,296.887,1,
8.081395,10154,chat_msg,296.711,1,
8.097244,10161,start,32.233,1,
8.097514,10144,chat_msg,298.597,1,
8.097558,10124,chat_msg,298.221,1,
8.097595,10134,chat_msg,298.437,1,
8.097660,10109,exit_chat,32.241,1,
8.113386,10114,chat_msg,298.657,1,
8.128620,10155,chat_msg,298.363,1,
8.144867,10162,start,32.045,1,
8.145307,10161,new_chat,48.025,1,
8.145597,10135,chat_msg,299.964,1,
8.145650,10145,chat_msg,299.484,1,
8.145692,10125,chat_msg,299.775,1,
8.145736,10115,chat_msg,299.374,1,
8.161164,10110,exit_chat,32.912,1,
8.191469,10162,new_chat,46.534,1,
8.191724,10163,start,31.498,1,
8.191961,10156,chat_msg,297.938,1,
8.192005,10136,chat_msg,298.740,1,
8.192044,10146,chat_msg,298.264,1,
8.192080,10126,chat_msg,298.999,1,
8.192114,10116,chat_msg,299.577,1,
8.207759,10111,exit_chat,31.435,1,
8.238499,10163,new_chat,46.740,1,
8.238750,10164,start,31.908,1,
8.238972,10127,chat_msg,298.892,1,
8.239019,10157,chat_msg,299.677,1,
8.239060,10137,chat_msg,299.165,1,
8.239097,10147,chat_msg,299.421,1,
8.270331,10117,chat_msg,299.577,1,
8.285596,10164,new_chat,46.811,1,
8.285815,10165,start,32.159,1,
8.286018,10158,chat_msg,299.880,1,
8.286061,10138,chat_msg,299.461,1,
8.286098,10128,chat_msg,299.295,1,
8.286130,10148,chat_msg,298.494,1,
8.286162,10118,chat_msg,298.739,1,
8.302276,10112,exit_chat,32.307,1,
8.318279,10113,exit_chat,33.284,1,
8.333292,10165,new_chat,47.444,1,
8.333541,10159,chat_msg,299.031,1,
8.333592,10149,chat_msg,299.985,1,
8.333633,10129,chat_msg,299.349,1,
8.333670,10139,chat_msg,299.761,1,
8.333709,10119,chat_msg,299.610,1,
8.333745,10166,start,31.698,1,
8.349219,10114,exit_chat,32.496,1,
8.379583,10166,new_chat,45.806,1,
8.379945,10160,chat_msg,298.958,1,
8.380796,10115,exit_chat,31.840,1,
8.395967,10167,start,32.295,1,
8.396189,10150,chat_msg,299.922,1,
8.396236,10130,chat_msg,299.186,1,
8.396277,10120,chat_msg,299.430,1,
8.396314,10140,chat_msg,299.742,1,
8.442070,10116,exit_chat,46.284,1,
8.443407,10168,start,32.509,1,
8.443654,10167,new_chat,47.648,1,
8.443877,10161,chat_msg,298.515,1,
8.458406,10131,chat_msg,297.539,1,
8.458458,10151,chat_msg,297.954,1,
8.458521,10141,chat_msg,297.826,1,
8.473800,10121,chat_msg,297.856,1,
8.489630,10168,new_chat,46.181,1,
8.489863,10169,start,31.767,1,
8.490137,10162,chat_msg,298.607,1,
8.490187,10152,chat_msg,299.201,1,
8.504822,10122,chat_msg,297.368,1,
8.504876,10132,chat_msg,297.797,1,
8.504919,10142,chat_msg,297.646,1,
8.504971,10117,exit_chat,31.639,1,
8.535545,10118,exit_chat,46.149,1,
8.536809,10169,new_chat,46.911,1,
8.537051,10170,start,32.671,1,
8.537394,10163,chat_msg,298.848,1,
8.537460,10153,chat_msg,299.398,1,
8.582142,10123,chat_msg,312.370,1,
8.582227,10143,chat_msg,312.081,1,
8.582288,10133,chat_msg,312.823,1,
8.582347,10119,exit_chat,45.772,1,
8.582763,10170,new_chat,45.640,1,
8.597661,10154,chat_msg,312.316,1,
8.598096,10164,chat_msg,312.457,1,
8.598425,10171,start,32.048,1,
8.598648,10134,chat_msg,296.927,1,
8.598691,10144,chat_msg,297.502,1,
8.598728,10124,chat_msg,297.191,1,
8.643879,10155,chat_msg,310.982,1,
8.643959,10165,chat_msg,310.618,1,
8.644011,10120,exit_chat,46.105,1,
8.644050,10172,start,31.079,1,
8.644388,10171,new_chat,45.928,1,
8.660372,10145,chat_msg,311.786,1,
8.660435,10135,chat_msg,312.108,1,
8.660488,10125,chat_msg,311.710,1,
8.675548,10166,chat_msg,295.902,1,
8.690484,10172,new_chat,46.393,1,
8.690936,10173,start,31.804,1,
8.691837,10146,chat_msg,296.428,1,
8.691891,10156,chat_msg,297.012,1,
8.691954,10126,chat_msg,296.349,1,
8.692006,10136,chat_msg,296.810,1,
8.707147,10121,exit_chat,32.065,1,
8.737049,10173,new_chat,46.058,1,
8.737466,10174,start,31.239,1,
8.738503,10157,chat_msg,296.017,1,
8.738558,10147,chat_msg,295.435,1,
8.738598,10167,chat_msg,294.907,1,
8.738633,10137,chat_msg,295.808,1,
8.738691,10127,chat_msg,296.544,1,
8.739172,10122,exit_chat,32.663,1,
8.785114,10174,new_chat,47.587,1,
8.785338,10175,start,32.250,1,
8.801168,10138,chat_msg,312.386,1,
8.801219,10158,chat_msg,312.715,1,
8.801258,10128,chat_msg,312.244,1,
8.801293,10148,chat_msg,312.080,1,
8.801326,10168,chat_msg,311.654,1,
8.831003,10123,exit_chat,46.614,1,
8.831117,10175,new_chat,45.747,1,
8.831709,10129,chat_msg,295.522,1,
8.831768,10169,chat_msg,294.911,1,
8.831832,10139,chat_msg,295.450,1,
8.831899,10149,chat_msg,295.935,1,
8.831944,10159,chat_msg,296.318,1,
8.832370,10176,start,30.352,1,
8.845952,10124,exit_chat,44.967,1,
8.877140,10176,new_chat,44.725,1,
8.877500,10160,chat_msg,295.097,1,
8.877578,10170,chat_msg,294.774,1,
8.892025,10177,start,30.895,1,
8.893462,10125,exit_chat,31.574,1,
8.893563,10130,chat_msg,295.851,1,
8.893663,10140,chat_msg,295.526,1,
8.893719,10150,chat_msg,296.387,1,
8.938891,10126,exit_chat,45.830,1,
8.938954,10177,new_chat,46.836,1,
8.939315,10178,start,31.552,1,
8.954570,10161,chat_msg,309.919,1,
8.954619,10171,chat_msg,310.191,1,
8.969547,10141,chat_msg,309.417,1,
8.969626,10131,chat_msg,310.043,1,
8.969682,10151,chat_msg,309.800,1,
8.985244,10127,exit_chat,44.818,1,
8.985335,10178,new_chat,45.979,1,
8.985690,10179,start,31.494,1,
9.001199,10152,chat_msg,309.622,1,
9.001261,10162,chat_msg,309.994,1,
9.001312,10172,chat_msg,310.744,1,
9.016119,10142,chat_msg,309.196,1,
9.016181,10132,chat_msg,309.465,1,
9.032127,10179,new_chat,46.402,1,
9.033548,10180,start,30.969,1,
9.033782,10173,chat_msg,296.654,1,
9.033842,10153,chat_msg,295.905,1,
9.033882,10163,chat_msg,296.123,1,
9.035227,10128,exit_chat,33.292,1,
9.079594,10129,exit_chat,47.119,1,
9.080245,10180,new_chat,46.660,1,
9.094684,10174,chat_msg,309.526,1,
9.095135,10133,chat_msg,310.219,1,
9.095216,10143,chat_msg,310.498,1,
9.095822,10181,start,32.070,1,
9.110399,10144,chat_msg,309.581,1,
9.110473,10134,chat_msg,309.845,1,
9.110529,10164,chat_msg,310.131,1,
9.110575,10154,chat_msg,310.503,1,
9.140888,10175,chat_msg,309.676,1,
9.141124,10130,exit_chat,46.368,1,
9.141210,10182,start,31.323,1,
9.141931,10181,new_chat,46.071,1,
9.157417,10165,chat_msg,310.965,1,
9.157478,10155,chat_msg,311.343,1,
9.172998,10135,chat_msg,311.281,1,
9.173051,10145,chat_msg,311.542,1,
9.173110,10166,chat_msg,296.354,1,
9.173151,10176,chat_msg,295.950,1,
9.188722,10182,new_chat,47.368,1,
9.189076,10183,start,32.628,1,
9.189309,10156,chat_msg,296.545,1,
9.189364,10136,chat_msg,296.112,1,
9.189410,10146,chat_msg,296.880,1,
9.205290,10131,exit_chat,32.666,1,
9.236565,10183,new_chat,47.451,1,
9.236788,10184,start,31.854,1,
9.236988,10147,chat_msg,297.214,1,
9.237034,10137,chat_msg,296.863,1,
9.237071,10167,chat_msg,297.102,1,
9.237107,10157,chat_msg,297.545,1,
9.237142,10177,chat_msg,298.134,1,
9.267012,10132,exit_chat,46.784,1,
9.282118,10184,new_chat,45.297,1,
9.298290,10178,chat_msg,312.897,1,
9.298392,10185,start,31.269,1,
9.298634,10158,chat_msg,296.943,1,
9.298681,10168,chat_msg,296.300,1,
9.298720,10148,chat_msg,296.548,1,
9.298944,10138,chat_msg,297.574,1,
9.329307,10149,chat_msg,296.136,1,
9.329413,10139,chat_msg,296.464,1,
9.329488,10169,chat_msg,296.751,1,
9.329562,10159,chat_msg,296.214,1,
9.329621,10179,chat_msg,297.440,1,
9.344738,10133,exit_chat,46.902,1,
9.345243,10186,start,31.796,1,
9.345598,10185,new_chat,47.165,1,
9.359988,10134,exit_chat,45.903,1,
9.376349,10170,chat_msg,296.319,1,
9.376412,10160,chat_msg,296.752,1,
9.376458,10180,chat_msg,296.174,1,
9.391619,10187,start,31.552,1,
9.391880,10140,chat_msg,296.601,1,
9.391928,10150,chat_msg,296.335,1,
9.407127,10186,new_chat,61.835,1,
9.408000,10135,exit_chat,32.913,1,
9.438488,10136,exit_chat,47.272,1,
9.438556,10187,new_chat,46.893,1,
9.439450,10188,start,32.753,1,
9.440362,10181,chat_msg,298.385,1,
9.470902,10161,chat_msg,313.973,1,
9.470999,10171,chat_msg,313.842,1,
9.471233,10151,chat_msg,298.423,1,
9.471298,10141,chat_msg,298.948,1,
9.486378,10137,exit_chat,47.149,1,
9.486455,10188,new_chat,46.959,1,
9.487009,10189,start,32.582,1,
9.487379,10182,chat_msg,298.597,1,
9.502719,10152,chat_msg,298.408,1,
9.502772,10162,chat_msg,298.205,1,
9.502812,10172,chat_msg,298.058,1,
9.532496,10142,chat_msg,312.577,1,
9.533745,10189,new_chat,46.690,1,
9.534005,10183,chat_msg,297.395,1,
9.534098,10153,chat_msg,297.921,1,
9.534161,10163,chat_msg,297.796,1,
9.534205,10173,chat_msg,298.316,1,
9.534247,10190,start,31.373,1,
9.535706,10138,exit_chat,33.273,1,
9.579377,10139,exit_chat,46.430,1,
9.580179,10190,new_chat,45.898,1,
9.580396,10184,chat_msg,298.219,1,
9.595206,10191,start,31.203,1,
9.595443,10143,chat_msg,297.383,1,
9.595489,10174,chat_msg,298.005,1,
9.610721,10154,chat_msg,296.239,1,
9.610769,10144,chat_msg,296.909,1,
9.610807,10164,chat_msg,296.528,1,
9.641201,10140,exit_chat,46.468,1,
9.641323,10191,new_chat,46.076,1,
9.641984,10192,start,31.615,1,
9.672338,10175,chat_msg,327.513,1,
9.672642,10185,chat_msg,326.992,1,
9.672698,10155,chat_msg,312.028,1,
9.672740,10165,chat_msg,312.288,1,
9.673233,10145,chat_msg,297.880,1,
9.673276,10166,chat_msg,297.686,1,
9.673316,10176,chat_msg,297.527,1,
9.687466,10192,new_chat,45.445,1,
9.687939,10193,start,31.748,1,
9.703545,10146,chat_msg,312.122,1,
9.703598,10156,chat_msg,312.685,1,
9.704212,10186,chat_msg,297.021,1,
9.705379,10141,exit_chat,32.404,1,
9.735833,10193,new_chat,47.834,1,
9.736127,10194,start,32.872,1,
9.737058,10177,chat_msg,296.900,1,
9.737108,10187,chat_msg,298.503,1,
9.737149,10157,chat_msg,297.232,1,
9.737186,10167,chat_msg,297.481,1,
9.737223,10147,chat_msg,298.225,1,
9.782468,10142,exit_chat,47.079,1,
9.782980,10194,new_chat,46.816,1,
9.798808,10188,chat_msg,312.300,1,
9.798864,10195,start,31.544,1,
9.799087,10158,chat_msg,297.175,1,
9.799136,10168,chat_msg,297.034,1,
9.799192,10178,chat_msg,297.603,1,
9.799231,10148,chat_msg,296.958,1,
9.844339,10149,chat_msg,311.753,1,
9.844422,10159,chat_msg,311.051,1,
9.844470,10189,chat_msg,310.687,1,
9.844514,10179,chat_msg,310.962,1,
9.844567,10169,chat_msg,311.390,1,
9.844641,10143,exit_chat,46.362,1,
9.844716,10196,start,31.010,1,
9.845162,10195,new_chat,46.264,1,
9.860994,10144,exit_chat,46.720,1,
9.877799,10160,chat_msg,298.010,1,
9.877867,10180,chat_msg,297.884,1,
9.877911,10170,chat_msg,298.440,1,
9.877949,10190,chat_msg,297.734,1,
9.906976,10197,start,45.890,1,
9.907500,10150,chat_msg,312.518,1,
9.908481,10196,new_chat,63.701,1,
9.910822,10145,exit_chat,33.635,1,
9.939020,10198,start,31.422,1,
9.939252,10181,chat_msg,297.471,1,
9.939296,10191,chat_msg,297.882,1,
9.940805,10146,exit_chat,32.954,1,
9.954514,10197,new_chat,47.453,1,
9.969032,10151,chat_msg,296.254,1,
9.969097,10171,chat_msg,296.692,1,
9.969144,10161,chat_msg,297.116,1,
9.984812,10147,exit_chat,46.088,1,
9.984877,10198,new_chat,45.816,1,
9.985246,10199,start,31.140,1,
9.985522,10192,chat_msg,297.976,1,
9.985569,10182,chat_msg,297.313,1,
10.016388,10152,chat_msg,312.750,1,
10.016511,10162,chat_msg,312.677,1,
10.016575,10172,chat_msg,312.562,1,
10.031950,10199,new_chat,46.666,1,
10.032544,10193,chat_msg,296.657,1,
10.032645,10163,chat_msg,295.932,1,
10.032710,10183,chat_msg,296.357,1,
10.032761,10173,chat_msg,295.880,1,
10.032817,10153,chat_msg,296.278,1,
10.047884,10148,exit_chat,45.744,1,
10.080079,10184,chat_msg,297.521,1,
10.080133,10194,chat_msg,297.106,1,
10.094639,10149,exit_chat,46.677,1,
10.110213,10174,chat_msg,311.623,1,
10.110299,10164,chat_msg,295.843,1,
10.110352,10154,chat_msg,296.289,1,
10.141680,10150,exit_chat,31.830,1,
10.172823,10195,chat_msg,327.620,1,
10.172885,10185,chat_msg,296.323,1,
10.172927,10165,chat_msg,295.943,1,
10.172988,10166,chat_msg,295.592,1,
10.173047,10176,chat_msg,295.465,1,
10.173085,10155,chat_msg,296.301,1,
10.173120,10175,chat_msg,296.824,1,
10.203392,10186,chat_msg,295.163,1,
10.203512,10196,chat_msg,294.989,1,
10.203596,10156,chat_msg,295.548,1,
10.220037,10151,exit_chat,48.057,1,
10.250578,10167,chat_msg,312.032,1,
10.250645,10187,chat_msg,312.489,1,
10.250692,10177,chat_msg,312.806,1,
10.250733,10157,chat_msg,312.386,1,
10.266425,10197,chat_msg,311.850,1,
10.266809,10152,exit_chat,46.666,1,
10.281503,10153,exit_chat,45.221,1,
10.312547,10198,chat_msg,327.621,1,
10.312619,10168,chat_msg,310.891,1,
10.312668,10178,chat_msg,310.717,1,
10.312710,10188,chat_msg,311.684,1,
10.312748,10158,chat_msg,311.290,1,
10.343670,10199,chat_msg,311.653,1,
10.343778,10189,chat_msg,295.321,1,
10.343826,10169,chat_msg,295.035,1,
10.343866,10159,chat_msg,295.600,1,
10.343902,10179,chat_msg,295.273,1,
10.359294,10154,exit_chat,45.932,1,
10.406365,10170,chat_msg,326.779,1,
10.406428,10190,chat_msg,326.645,1,
10.406472,10160,chat_msg,327.469,1,
10.406510,10180,chat_msg,327.165,1,
10.421014,10155,exit_chat,45.462,1,
10.452035,10191,chat_msg,310.629,1,
10.452109,10181,chat_msg,311.073,1,
10.452300,10156,exit_chat,46.144,1,
10.482659,10161,chat_msg,310.042,1,
10.482759,10171,chat_msg,310.355,1,
10.498020,10192,chat_msg,309.986,1,
10.498097,10182,chat_msg,309.743,1,
10.498152,10157,exit_chat,44.882,1,
10.528999,10172,chat_msg,308.299,1,
10.529067,10162,chat_msg,308.575,1,
10.559358,10163,chat_msg,323.734,1,
10.559467,10193,chat_msg,324.176,1,
10.559528,10173,chat_msg,323.427,1,
10.559579,10183,chat_msg,323.677,1,
10.561192,10158,exit_chat,46.610,1,
10.605968,10194,chat_msg,323.924,1,
10.606068,10184,chat_msg,324.468,1,
10.606124,10159,exit_chat,45.688,1,
10.622698,10174,chat_msg,309.820,1,
10.622752,10164,chat_msg,309.578,1,
10.654405,10160,exit_chat,32.200,1,
10.683919,10195,chat_msg,309.393,1,
10.683982,10166,chat_msg,308.755,1,
10.684069,10165,chat_msg,309.014,1,
10.684133,10185,chat_msg,309.265,1,
10.684196,10176,chat_msg,308.806,1,
10.684241,10175,chat_msg,308.535,1,
10.713958,10196,chat_msg,308.024,1,
10.714122,10186,chat_msg,308.709,1,
10.729324,10161,exit_chat,46.083,1,
10.760811,10167,chat_msg,308.455,1,
10.761084,10187,chat_msg,308.276,1,
10.761132,10177,chat_msg,308.062,1,
10.761612,10162,exit_chat,31.621,1,
10.775657,10197,chat_msg,308.535,1,
10.806972,10163,exit_chat,46.610,1,
10.822152,10198,chat_msg,308.510,1,
10.822229,10188,chat_msg,307.825,1,
10.822278,10178,chat_msg,308.056,1,
10.822325,10168,chat_msg,308.300,1,
10.869764,10179,chat_msg,309.144,1,
10.869876,10169,chat_msg,309.635,1,
10.869942,10189,chat_msg,309.944,1,
10.869998,10199,chat_msg,310.350,1,
10.870076,10164,exit_chat,31.622,1,
10.917700,10190,chat_msg,295.794,1,
10.917819,10170,chat_msg,296.323,1,
10.917895,10180,chat_msg,295.451,1,
10.932023,10165,exit_chat,46.020,1,
10.932125,10166,exit_chat,46.495,1,
10.963946,10181,chat_msg,310.466,1,
10.964067,10191,chat_msg,310.971,1,
10.995543,10171,chat_msg,311.890,1,
10.995701,10182,chat_msg,296.689,1,
10.995746,10192,chat_msg,297.054,1,
11.010966,10167,exit_chat,46.719,1,
11.027521,10172,chat_msg,297.932,1,
11.073493,10168,exit_chat,46.189,1,
11.074542,10193,chat_msg,313.669,1,
11.074587,10173,chat_msg,313.417,1,
11.074626,10183,chat_msg,313.232,1,
11.104975,10184,chat_msg,298.238,1,
11.105040,10194,chat_msg,298.658,1,
11.120909,10169,exit_chat,47.008,1,
11.136405,10174,chat_msg,298.339,1,
11.167981,10170,exit_chat,46.572,1,
11.183987,10176,chat_msg,297.180,1,
11.184076,10185,chat_msg,297.640,1,
11.184128,10195,chat_msg,298.969,1,
11.184306,10175,chat_msg,297.143,1,
11.214745,10186,chat_msg,298.381,1,
11.214834,10196,chat_msg,298.904,1,
11.246498,10171,exit_chat,47.411,1,
11.262120,10177,chat_msg,297.244,1,
11.262198,10187,chat_msg,297.533,1,
11.278058,10172,exit_chat,47.149,1,
11.278999,10197,chat_msg,299.507,1,
11.310612,10173,exit_chat,32.031,1,
11.324601,10178,chat_msg,297.544,1,
11.324677,10198,chat_msg,298.306,1,
11.324726,10188,chat_msg,297.941,1,
11.386259,10189,chat_msg,312.174,1,
11.386334,10179,chat_msg,312.765,1,
11.386385,10199,chat_msg,312.125,1,
11.386444,10174,exit_chat,46.790,1,
11.418782,10180,chat_msg,297.152,1,
11.418843,10190,chat_msg,297.821,1,
11.419170,10175,exit_chat,31.989,1,
11.419484,10176,exit_chat,32.978,1,
11.466164,10191,chat_msg,297.683,1,
11.466230,10181,chat_msg,298.144,1,
11.511781,10177,exit_chat,46.311,1,
11.511876,10182,chat_msg,312.327,1,
11.511952,10192,chat_msg,312.153,1,
11.573466,10178,exit_chat,46.501,1,
11.589962,10183,chat_msg,311.163,1,
11.590025,10193,chat_msg,311.886,1,
11.621578,10194,chat_msg,312.146,1,
11.621639,10184,chat_msg,312.661,1,
11.621702,10179,exit_chat,32.200,1,
11.667456,10180,exit_chat,46.451,1,
11.682758,10195,chat_msg,295.743,1,
11.682851,10185,chat_msg,296.017,1,
11.713455,10181,exit_chat,45.544,1,
11.728974,10196,chat_msg,310.441,1,
11.729037,10186,chat_msg,311.024,1,
11.760092,10182,exit_chat,46.560,1,
11.775973,10187,chat_msg,310.061,1,
11.792760,10197,chat_msg,312.326,1,
11.824460,10198,chat_msg,297.059,1,
11.824518,10188,chat_msg,296.863,1,
11.824585,10183,exit_chat,32.572,1,
11.871138,10184,exit_chat,46.889,1,
11.902305,10189,chat_msg,313.204,1,
11.902383,10199,chat_msg,312.646,1,
11.917935,10190,chat_msg,296.559,1,
11.933556,10185,exit_chat,46.777,1,
11.964499,10191,chat_msg,296.957,1,
11.981048,10186,exit_chat,47.051,1,
12.012216,10192,chat_msg,298.316,1,
12.012355,10187,exit_chat,31.237,1,
12.073671,10188,exit_chat,45.729,1,
12.104864,10193,chat_msg,312.433,1,
12.136066,10194,chat_msg,312.199,1,
12.136183,10189,exit_chat,31.964,1,
12.167214,10190,exit_chat,47.068,1,
12.198088,10195,chat_msg,311.902,1,
12.213402,10191,exit_chat,45.732,1,
12.244991,10196,chat_msg,311.343,1,
12.245086,10192,exit_chat,31.445,1,
12.307057,10197,chat_msg,310.412,1,
12.338319,10198,chat_msg,310.838,1,
12.338457,10193,exit_chat,31.851,1,
12.384691,10194,exit_chat,46.712,1,
12.417219,10199,chat_msg,312.586,1,
12.432950,10195,exit_chat,32.121,1,
12.495806,10196,exit_chat,47.762,1,
12.543858,10197,exit_chat,32.716,1,
12.590434,10198,exit_chat,47.171,1,
12.668292,10199,exit_chat,47.335,1,
